117
45
16
9
14
18
16
19
18
13
19
19
17
17
15
15
11
12
13
13
9
7
12
12
14
9
9
10
11
11
11
11
11
14
12
10
14
16
16
18
21
29
29
30
27
29
26
26
18
102
53
26
19
17
19
21
22
25
24
22
24
24
26
21
19
11
9
8
9
6
6
9
14
16
17
18
15
17
18
17
17
14
21
21
19
14
15
13
13
12
12
15
17
16
19
74
30
12
8
14
19
26
21
14
12
13
12
9
11
16
9
13
16
16
17
16
19
19
18
15
16
16
15
15
18
14
10
15
14
17
17
20
15
21
19
16
14
13
231
121
56
27
11
2
238
122
55
22
7
6
7
8
10
9
9
10
9
16
20
19
20
20
21
17
16
13
15
15
12
13
14
14
15
17
14
20
10
16
17
9
13
11
12
13
14
16
14
13
16
9
7
5
11
6
2
2
3
1
5
3
3
2
387
210
101
44
14
4
9
17
10
19
18
19
27
20
22
24
21
20
17
12
14
15
24
17
22
