0
0
0
0
0
1
1
1
0
1
0
1
1
0
1
1
1
1
1
1
1
1
0
1
1
1
1
1
1
0
1
1
0
1
0
0
1
0
0
0
0
0
0
0
1
0
1
1
1
168
175
180
190
203
211
219
228
239
255
268
284
301
318
330
342
353
362
374
385
395
404
418
434
449
461
479
489
507
521
537
549
562
576
585
598
605
607
619
622
631
637
646
656
661
671
633
622
613
603
581
563
543
535
529
529
517
515
512
512
515
500
496
478
462
445
432
412
394
374
358
342
330
313
299
282
266
253
233
218
198
181
161
147
126
108
96
83
77
442
442
442
442
442
442
110
110
110
111
114
122
127
130
133
137
139
145
152
166
177
193
206
226
246
262
281
298
313
330
343
360
372
388
404
416
433
450
459
476
492
503
518
529
546
565
582
596
610
625
644
650
659
659
660
656
656
656
657
657
657
657
657
657
1
659
648
635
625
617
603
580
573
552
538
517
483
477
456
436
419
397
377
359
341
323
302
287
261
