0
0
0
0
0
0
0
0
0
1
1
1
1
0
0
0
0
0
0
0
1
1
1
1
1
0
1
0
0
0
0
0
0
0
0
1
1
1
1
1
1
0
0
0
47
55
66
81
98
106
108
109
105
101
96
94
95
94
91
87
83
82
78
75
67
61
55
51
1
0
0
0
0
1
1
1
1
1
1
1
0
0
1
0
1
1
0
0
0
0
0
0
0
0
0
0
0
0
0
0
0
0
1
0
0
0
0
1
1
1
1
1
1
1
1
0
0
1
1
1
0
0
0
0
0
0
0
0
0
0
1
0
0
0
0
0
0
0
0
0
0
0
1
0
0
0
0
0
0
1
0
1
1
1
1
1
1
0
1
1
0
0
44
57
90
113
138
154
171
182
198
210
217
218
216
219
225
236
249
258
269
275
272
264
258
255
253
249
242
232
221
210
193
177
152
131
114
101
78
0
1
1
54
67
95
113
134
148
157
161
163
165
165
159
149
139
126
124
120
121
120
118
114
111
105
100
90
76
63
1
0
0
0
0
0
0
1
1
1
1
1
0
1
0
0
1
1
1
0
0
43
72
91
119
139
161
191
217
251
271
285
303
311
323
336
342
345
348
346
360
360
360
359
360
360
361
360
376
373
371
371
370
371
376
385
395
404
418
426
434
438
437
437
435
433
429
423
417
411
405
395
387
377
359
345
322
300
278
252
222
191
158
127
105
99
110
