105
43
14
7
15
18
23
25
25
22
16
11
3
2
4
4
8
11
8
7
3
2
4
4
8
14
21
20
21
21
16
13
15
11
12
15
16
12
15
14
18
14
13
7
35
22
18
17
21
16
14
9
6
4
4
4
2
2
2
1
4
9
11
9
7
8
9
7
20
12
19
16
18
18
16
20
19
15
17
25
26
25
31
28
31
29
23
26
24
25
19
19
21
21
22
25
23
18
19
15
24
28
19
20
17
15
32
34
29
29
20
19
17
14
25
24
22
27
28
36
35
30
26
29
20
20
14
10
7
2
2
1
1
3
2
6
5
10
11
10
16
16
14
22
23
23
23
26
29
31
29
23
25
16
15
12
16
16
19
30
27
21
40
26
30
24
22
21
20
17
21
21
21
22
26
30
32
27
33
34
37
43
28
24
19
17
22
25
20
18
22
18
15
14
20
21
22
16
16
21
19
14
41
25
26
20
26
22
19
12
8
6
4
4
6
8
12
7
12
12
12
7
4
4
7
10
9
14
15
17
17
17
20
19
22
25
18
19
19
19
20
21
21
17
21
26
25
28
19
14
29
26
22
24
19
21
25
25
31
27
21
19
16
15
20
18
17
23
20
30
14
4
2
1
1
5
5
17
6
9
11
16
11
13
17
19
22
19
14
13
9
8
4
1
0
4
7
6
6
6
9
9
7
12
13
17
19
21
23
27
32
33
39
39
47
34
