80
28
6
10
16
20
20
19
16
14
8
5
4
7
8
8
17
14
17
11
8
1
2
8
13
20
21
18
17
17
12
7
2
1
3
1
4
4
7
17
16
20
25
26
16
11
17
13
9
4
20
13
2
1
5
10
4
3
6
11
16
13
13
13
17
19
25
20
24
20
19
11
10
6
6
6
9
10
4
5
9
17
20
16
12
7
5
4
8
11
13
18
20
20
16
10
1
10
19
24
16
4
9
11
18
24
25
24
22
25
26
28
22
28
20
10
6
5
2
1
3
2
1
6
9
10
19
17
9
9
11
12
8
6
4
7
6
3
2
6
15
21
24
36
43
48
30
13
7
1
11
18
17
13
2
2
8
4
8
6
7
5
18
17
17
16
10
21
23
24
20
15
7
7
7
21
19
22
23
30
28
25
10
1
11
4
17
29
52
49
45
51
36
19
8
5
3
9
7
7
4
10
41
56
62
48
100
74
31
12
4
5
7
7
6
7
9
14
19
14
34
31
25
23
20
19
17
10
5
4
2
3
0
5
3
