0
0
0
0
0
0
0
1
1
1
1
0
1
0
0
1
0
1
0
1
0
0
0
0
1
0
0
1
0
0
0
1
0
0
0
0
1
1
1
1
0
1
1
1
0
0
0
0
0
0
1
1
0
0
0
0
1
1
0
0
0
0
0
0
0
0
1
0
1
0
1
1
1
0
0
0
0
0
0
0
1
0
0
0
0
1
0
0
1
0
0
1
1
0
0
0
0
0
0
0
1
1
1
0
1
1
0
0
0
0
0
1
0
1
0
0
0
0
0
0
0
0
0
0
0
0
0
1
1
1
0
0
1
0
0
1
0
0
0
0
0
0
0
0
0
0
1
1
1
1
1
1
0
0
0
1
0
1
0
1
0
0
1
0
0
1
0
1
1
1
0
0
0
0
0
0
1
0
0
0
0
1
1
1
1
0
1
1
36
85
129
182
200
202
199
204
198
178
193
190
169
166
158
175
206
220
0
215
209
204
200
197
193
189
184
182
172
157
141
160
108
98
95
95
97
98
94
96
98
100
99
98
98
87
88
