107
47
18
6
12
11
14
22
25
28
10
8
7
15
22
18
12
16
23
23
23
19
7
14
15
9
12
8
28
10
15
9
23
15
20
17
13
17
15
18
20
8
14
10
23
5
16
15
14
19
20
11
8
6
14
15
5
2
1
10
9
13
5
12
14
5
17
7
26
21
27
22
35
37
36
25
17
14
20
23
30
40
41
37
33
30
33
37
37
39
23
36
29
29
18
11
22
10
13
8
27
34
41
31
18
21
36
25
15
27
18
17
26
21
25
25
33
32
32
44
45
41
36
28
16
21
19
8
4
5
12
13
4
1
2
13
6
12
15
6
12
17
9
14
15
27
28
23
26
16
26
29
31
18
26
24
21
28
23
42
38
35
62
44
40
38
30
18
22
24
29
31
32
37
25
23
36
44
56
45
61
57
36
21
17
15
32
38
28
24
28
15
22
13
14
15
21
28
22
31
24
25
45
35
29
24
17
12
25
26
19
13
10
6
9
7
16
13
7
14
1
7
6
8
18
14
16
11
10
36
40
56
58
45
41
51
46
37
39
48
41
26
16
8
14
25
22
22
40
43
71
74
75
80
84
72
50
55
49
40
30
27
25
27
42
42
41
38
24
37
28
22
16
14
12
15
15
11
8
13
11
13
29
31
32
36
39
34
16
20
20
5
7
2
10
10
21
17
9
16
25
20
16
19
13
26
21
25
18
26
30
38
41
36
53
47
