93
119
101
100
108
68
124
87
83
69
72
64
80
66
35
42
23
21
24
66
64
44
28
21
17
4
12
48
69
99
95
88
96
102
120
117
151
137
128
111
145
130
112
59
92
19
49
40
22
32
77
62
54
82
85
92
80
64
31
21
23
38
42
36
63
116
157
94
95
71
78
113
94
77
75
50
43
36
33
48
46
116
86
40
40
35
41
83
63
41
67
67
55
99
157
178
161
163
119
106
98
103
62
42
34
41
14
25
36
66
53
50
42
20
29
6
10
34
16
41
38
34
22
39
54
19
50
28
91
97
89
84
91
57
31
46
30
3
23
27
29
36
61
28
48
29
5
26
36
36
29
17
40
57
11
37
31
62
34
47
56
34
44
32
32
21
5
3
20
18
13
21
43
32
8
30
29
66
89
81
59
91
87
77
14
26
24
3
12
16
16
19
8
7
9
17
29
17
32
39
18
29
22
27
12
38
9
32
4
18
33
40
39
14
14
30
68
26
8
19
29
19
36
46
10
12
25
12
25
35
18
11
39
38
26
39
47
28
57
15
37
34
29
17
17
10
21
67
97
108
68
47
69
71
68
87
61
53
62
76
28
33
24
14
49
46
106
102
76
65
65
98
96
60
14
25
88
80
80
44
31
47
55
67
16
18
21
50
79
60
63
80
39
36
79
75
71
162
157
143
167
165
128
115
102
93
58
43
71
72
83
56
78
72
105
86
