106
44
15
7
15
17
23
21
24
22
12
9
3
1
1
2
8
9
9
8
4
3
1
5
10
11
16
18
20
20
17
12
12
14
14
13
15
14
17
15
16
14
15
11
33
19
15
16
16
13
11
9
8
6
6
3
1
1
4
2
5
6
6
6
9
10
8
5
19
13
16
16
19
16
14
17
17
16
21
24
27
23
27
24
27
31
26
26
23
22
20
21
19
18
19
21
17
14
18
15
24
24
19
19
18
19
33
29
23
21
17
17
15
15
29
27
25
29
30
34
33
28
25
30
24
20
16
12
6
2
2
3
2
1
1
2
2
5
8
10
15
17
15
20
20
24
22
29
29
27
28
21
20
14
13
12
16
16
18
29
27
20
40
24
27
25
25
18
19
17
20
19
18
20
22
28
29
31
39
36
38
41
27
23
19
19
24
25
20
16
17
14
18
18
21
22
19
14
19
23
22
16
40
25
27
23
23
21
19
14
10
6
3
2
4
8
9
7
10
11
8
7
7
5
8
7
10
13
13
17
18
18
16
15
20
22
21
21
21
18
21
20
21
18
18
27
27
30
23
20
36
30
23
25
23
21
24
23
29
26
20
20
16
13
18
16
15
18
16
28
12
5
2
1
1
0
1
18
12
10
9
10
10
14
16
16
15
14
11
8
5
3
1
2
2
2
4
5
7
7
8
7
8
13
13
18
20
21
24
28
29
32
34
37
42
32
