1
4
9
11
14
21
24
27
27
31
36
34
31
26
24
17
18
11
10
10
4
7
8
1
2
2
7
7
4
2
2
3
4
4
4
5
8
2
4
3
4
5
5
5
6
5
4
4
4
3
3
3
2
4
5
4
6
6
7
6
8
7
10
8
9
10
10
10
11
10
9
9
10
9
9
8
8
9
9
7
7
7
7
6
5
4
4
4
4
4
5
5
4
2
2
3
4
4
4
4
2
3
3
2
1
4
4
2
2
3
3
2
4
7
6
9
10
14
15
15
15
17
19
17
18
20
20
18
19
16
15
13
16
15
13
21
13
10
5
6
1
4
10
14
11
248
194
147
111
82
59
44
37
35
34
36
37
36
34
34
35
33
31
28
27
22
22
20
14
13
11
7
6
7
6
5
4
3
2
2
2
3
1
1
1
6
6
6
7
10
7
10
8
6
11
10
9
8
8
8
7
7
6
5
5
4
4
3
4
3
2
1
2
1
6
6
4
7
7
8
8
8
8
10
7
7
5
3
8
8
6
7
5
4
5
7
4
6
4
6
4
2
2
4
2
4
2
4
3
1
3
4
5
5
9
8
9
6
7
4
4
6
6
3
6
3
4
3
2
4
2
1
2
3
2
6
2
1
3
4
11
28
22
150
108
76
54
41
32
31
29
33
36
36
35
30
24
20
18
14
13
13
8
3
7
11
12
14
14
16
20
17
13
21
9
10
10
10
10
11
11
9
10
9
15
13
7
3
6
5
5
7
4
8
12
10
14
12
13
12
14
12
9
11
9
12
9
9
8
6
8
8
7
6
4
4
3
2
2
3
6
4
7
6
6
7
8
8
7
7
5
6
5
3
4
9
4
6
5
4
1
1
1
2
2
3
3
1
1
3
3
2
5
3
3
2
0
3
6
2
2
4
6
5
2
2
5
5
7
11
8
9
21
16
489
395
311
235
170
114
67
28
17
40
61
78
91
100
105
108
108
635
524
425
333
255
185
124
73
30
11
37
60
78
93
103
110
113
114
113
110
107
103
96
92
87
80
73
66
62
56
48
41
37
34
29
23
18
16
14
13
12
8
5
5
5
3
2
1
0
1
1
2
2
3
3
4
1
2
6
2
2
2
1
1
4
5
4
4
8
3
1
3
5
4
5
4
3
6
5
2
3
3
2
4
2
1
2
3
1
1
1
1
1
2
0
1
4
3
2
2
1
1
2
1
2
2
1
1
1
1
2
2
2
1
1
8
1
4
4
6
8
4
6
8
5
3
4
5
5
1
4
4
2
1
2
6
3
5
8
11
12
14
18
18
22
18
23
20
18
16
15
13
11
9
8
6
4
4
4
2
2
2
1
1
1
2
2
2
2
2
2
2
2
298
202
128
71
26
16
37
54
67
73
74
74
71
65
58
54
44
41
36
32
30
21
17
15
24
21
15
15
13
7
7
9
9
26
7
24
3
3
3
5
5
4
7
4
4
4
5
5
3
2
2
3
3
4
4
4
3
3
3
3
9
4
2
2
3
2
1
0
3
4
1
5
0
2
1
