5
11
19
22
26
30
30
28
24
19
14
9
3
2
5
9
11
13
15
17
17
14
19
12
11
9
6
4
8
10
5
5
4
3
4
5
2
2
4
5
9
9
8
6
8
9
10
8
7
8
6
5
2
3
2
2
1
2
3
6
8
10
9
8
6
5
3
2
1
1
2
3
4
5
7
7
8
15
12
10
10
12
14
11
12
13
12
12
8
7
8
11
14
12
11
11
11
10
9
7
4
5
4
6
6
5
5
5
5
4
9
7
4
2
5
4
2
3
6
9
8
5
6
8
6
5
4
6
7
6
4
10
7
2
1
3
2
7
2
2
4
8
11
15
17
15
14
15
9
8
6
4
3
4
3
4
9
8
8
11
15
16
16
13
7
2
2
5
6
8
7
8
8
7
4
1
3
4
4
6
6
6
9
10
10
11
8
6
4
4
8
12
16
21
24
26
28
29
26
20
8
4
14
22
26
26
25
26
25
23
23
15
20
16
15
10
8
4
5
4
4
7
9
5
7
16
14
12
13
15
14
13
13
11
9
8
7
5
5
4
3
4
4
3
2
4
4
4
6
6
6
6
11
2
3
7
4
5
7
3
10
4
4
6
7
7
6
5
3
9
3
2
3
2
3
3
4
7
11
13
15
17
20
20
21
22
25
28
27
26
22
6
9
18
25
23
29
35
35
36
37
36
31
26
19
13
8
11
17
5
15
19
20
20
19
10
8
7
11
10
11
15
6
18
14
13
13
12
8
6
12
9
4
4
12
12
11
9
11
6
5
5
6
10
14
18
20
22
13
22
38
27
26
30
18
14
12
15
16
15
13
8
7
9
20
25
30
34
36
35
37
38
36
14
18
39
36
27
27
15
15
19
21
19
25
30
31
31
26
18
17
17
13
10
6
6
10
9
4
4
12
1
8
16
54
59
60
58
48
39
16
9
10
189
130
81
43
16
7
21
29
34
37
37
34
30
26
22
19
16
12
6
3
3
8
11
14
16
16
15
16
14
12
7
4
3
1
2
3
5
6
10
11
14
14
14
14
13
13
11
10
8
7
6
4
5
7
6
8
8
