1
4
9
11
14
22
26
33
35
42
52
55
58
59
61
58
62
59
58
57
54
55
54
47
46
42
33
31
30
32
27
24
21
19
18
21
23
17
17
14
14
15
14
14
15
14
13
13
12
12
11
10
10
10
11
10
13
12
14
14
15
16
20
17
19
21
21
22
24
25
24
24
26
26
26
25
26
27
27
26
25
26
26
25
23
22
22
22
20
20
21
21
18
16
16
16
16
15
16
14
14
13
13
13
9
10
8
9
8
5
4
4
6
7
8
12
14
19
20
23
24
28
32
32
35
39
41
41
44
42
41
41
46
45
44
53
45
39
38
35
31
27
25
23
16
346
304
264
230
198
170
147
127
110
96
83
72
66
66
63
62
62
61
61
56
56
56
55
52
50
44
41
39
36
34
30
27
24
22
18
17
16
15
12
14
19
19
19
22
26
24
27
26
25
31
30
30
30
30
31
30
30
28
27
27
25
25
24
23
22
20
18
17
15
9
8
8
4
3
2
3
4
5
9
7
8
7
6
12
13
12
15
13
13
14
17
14
16
15
16
16
13
14
15
12
13
11
10
9
8
7
8
7
6
9
8
11
9
11
8
9
11
11
9
13
10
11
11
10
12
6
8
6
5
5
11
8
6
8
6
11
31
29
185
164
146
131
119
107
100
86
79
71
65
62
56
58
55
51
46
45
40
39
34
30
27
22
22
21
21
25
23
21
30
21
23
24
26
26
28
30
29
31
31
37
36
31
27
19
20
16
14
17
13
8
6
7
8
9
10
13
14
13
16
15
18
17
19
19
18
20
21
22
21
19
18
18
16
14
15
12
11
9
11
9
8
10
9
8
10
8
8
7
6
8
13
10
8
11
8
4
5
4
7
7
4
1
2
4
2
0
1
4
2
2
1
0
3
7
3
3
6
8
8
5
4
1
2
5
9
8
10
24
20
658
588
522
461
403
349
299
252
209
170
133
101
72
47
29
25
36
665
610
558
505
458
412
368
327
289
255
220
189
160
132
107
84
62
43
25
9
6
21
31
45
56
64
71
76
84
89
91
91
96
100
100
98
97
98
97
97
98
94
90
89
87
84
81
75
73
70
67
67
64
62
59
50
49
47
38
41
38
33
32
28
25
20
18
16
10
13
12
8
4
9
6
4
4
9
9
7
9
9
9
11
9
10
12
13
10
9
10
10
9
9
9
10
13
9
11
10
8
10
6
7
8
8
7
7
5
5
8
8
4
5
3
4
4
2
4
4
8
5
8
10
9
7
8
10
9
4
8
9
6
6
5
7
2
4
7
10
14
16
21
23
30
28
35
34
34
33
32
31
31
30
29
27
25
25
24
23
22
21
20
18
16
16
15
14
12
11
10
9
8
337
273
219
172
130
95
62
35
10
15
32
49
63
71
78
88
87
91
89
92
90
82
78
72
65
62
62
58
54
51
46
42
41
45
36
41
29
26
27
27
27
24
28
22
23
22
21
21
20
20
19
18
19
20
18
19
17
16
15
15
11
15
13
13
12
11
9
8
6
7
6
8
4
2
3
