115
48
21
6
4
3
2
7
9
8
9
6
6
7
9
8
6
6
3
4
1
4
9
2
7
3
3
4
6
9
7
4
1
2
5
4
4
3
4
5
4
7
7
8
4
6
5
4
8
7
3
1
3
1
3
5
5
3
6
6
4
3
0
2
2
4
3
5
5
6
3
3
5
6
3
5
4
4
1
2
2
5
8
5
5
1
2
2
4
6
4
4
2
2
2
7
7
4
4
5
4
4
4
3
5
6
9
4
4
4
6
8
7
5
5
6
8
9
7
8
9
11
11
8
11
11
13
14
10
5
8
10
13
11
10
15
8
7
7
8
8
4
4
2
4
101
51
25
13
9
6
6
6
5
2
3
4
5
11
8
7
11
8
5
6
3
4
8
9
9
8
7
7
5
2
6
4
8
7
7
8
8
11
5
3
2
5
6
7
1
2
1
1
5
4
3
4
2
3
5
3
2
7
2
2
4
4
7
7
4
4
4
4
5
7
4
0
4
7
6
7
4
3
7
4
4
4
6
7
5
4
6
4
5
5
5
8
8
5
7
9
3
6
8
7
10
7
6
8
5
2
6
7
6
1
2
4
7
5
9
6
3
4
4
3
7
4
4
2
3
5
3
5
6
4
10
9
2
1
3
12
17
9
91
39
14
10
3
4
2
3
8
9
6
6
2
8
11
10
3
6
4
8
7
7
5
4
7
1
1
4
6
9
0
9
6
5
5
5
1
1
3
3
4
8
5
3
1
4
1
7
8
2
3
7
8
6
4
5
6
7
4
7
4
8
8
4
4
8
7
5
7
4
4
4
6
6
6
10
6
5
8
5
11
9
5
5
5
6
9
8
7
5
1
4
7
6
4
9
9
7
6
5
4
4
3
4
6
7
6
5
5
7
2
1
4
4
6
7
5
9
8
12
8
6
10
7
3
2
3
1
1
14
8
228
121
55
28
10
4
1
1
2
2
3
4
2
2
2
2
3
228
112
53
23
10
2
3
5
4
1
3
2
4
2
4
8
9
8
9
6
5
9
7
6
6
6
4
4
5
4
7
0
5
6
5
3
3
6
4
3
4
5
8
8
6
8
12
9
9
7
5
7
2
2
3
2
4
8
3
5
6
8
8
6
6
6
5
4
2
4
2
1
4
6
1
1
4
4
3
8
5
1
4
4
6
5
6
5
5
2
2
3
8
7
4
5
2
2
4
5
7
5
4
1
5
1
5
6
8
8
4
4
8
7
9
10
3
4
1
5
4
2
4
9
7
5
3
7
8
2
7
6
2
2
1
3
4
6
4
4
6
2
7
5
4
4
7
1
3
3
6
4
2
1
4
7
5
3
4
3
0
1
3
5
4
4
0
1
1
3
4
1
1
189
89
44
22
11
6
4
2
1
4
5
2
4
6
4
7
6
4
5
9
9
5
4
4
9
8
6
2
4
4
2
2
5
12
8
11
8
4
5
11
8
4
5
2
4
5
7
8
8
11
8
6
9
8
6
9
9
11
9
9
2
11
9
6
4
4
6
9
7
7
9
11
4
4
7
