76
29
10
1
3
10
9
12
13
13
12
11
10
9
8
6
4
3
2
2
2
0
4
3
4
3
2
4
12
9
8
8
7
8
11
10
7
6
4
3
1
1
3
4
4
6
9
8
9
12
12
11
9
9
9
11
9
10
8
5
3
2
2
2
1
1
1
1
1
4
3
4
3
5
5
5
8
14
11
8
9
11
16
14
15
13
9
8
5
4
9
8
7
8
4
2
2
1
2
4
3
5
1
3
3
3
1
2
2
2
8
4
1
4
2
2
5
4
8
6
6
7
9
10
9
5
5
7
7
7
7
13
10
9
7
8
10
10
7
7
9
5
4
2
8
5
3
2
4
2
3
3
6
7
7
5
7
4
2
4
9
13
13
14
12
10
9
8
6
5
5
4
3
2
3
6
5
5
6
8
7
7
9
9
9
9
8
5
5
3
1
2
4
6
7
10
11
13
15
12
7
1
4
7
8
6
5
9
12
10
13
8
12
10
12
11
11
9
12
13
12
14
16
11
11
19
16
13
10
8
4
4
2
3
1
1
2
2
1
1
1
2
3
1
1
1
4
6
7
9
9
9
13
5
9
4
5
4
6
6
6
5
6
4
2
4
2
2
4
6
4
3
1
1
0
1
1
1
5
7
9
10
14
15
15
19
21
25
28
29
27
14
13
7
1
10
4
6
6
9
12
15
13
12
9
8
5
4
6
6
4
4
7
6
7
2
1
6
6
4
5
7
1
14
10
8
9
9
8
2
13
4
8
9
14
12
12
12
14
13
10
6
7
5
2
2
4
3
4
5
17
10
13
17
10
10
11
15
16
14
14
11
11
8
1
4
5
4
7
9
12
14
13
5
9
29
26
24
27
23
27
31
29
16
18
11
6
2
1
5
4
1
1
6
5
3
7
7
3
2
6
3
8
10
35
35
36
37
31
27
17
17
16
32
13
3
4
4
5
5
5
4
7
6
5
6
5
4
4
5
5
5
4
7
8
8
11
12
12
13
13
12
11
8
10
11
11
10
10
12
10
8
7
6
4
5
3
1
2
2
0
1
1
3
1
1
4
4
4
6
